,City,Cloudiness,Country,Date,Humidity,Latitude,Longitude,Max Temperature (F),Wind Speed
0,Castro,90,CL,1563674975,100,-42.48,-73.76,-182.51999999999998,2.6
1,Bluff,64,AU,1563674861,58,-23.58,149.07,-165.46999999999997,4.93
2,Abriaqui,100,CO,1563675310,97,6.63,-76.06,-164.06999999999994,0.29
3,Dikson,100,RU,1563674865,100,73.51,80.55,-181.76999999999998,2.82
4,Harper,1,US,1563675265,48,30.3,-99.24,-155.40999999999997,6.22
5,Luanda,75,AO,1563675226,100,-8.83,13.24,-166.51999999999998,1.5
6,Mataura,58,NZ,1563674859,98,-46.19,168.86,-175.95999999999998,0.89
7,Ucluelet,40,CA,1563674662,64,48.94,-125.55,-162.62999999999994,5.1
8,Busselton,100,AU,1563674855,51,-33.64,115.35,-169.84999999999997,12.38
9,Puerto Escondido,75,MX,1563675093,79,15.86,-97.07,-157.51999999999998,1.38
10,Bonavista,7,CA,1563674958,85,48.65,-53.11,-177.07999999999998,1.79
11,Pathein,100,MM,1563674999,75,16.78,94.73,-157.06999999999994,1.24
12,Nesebar,0,BG,1563675312,93,42.66,27.74,-166.51999999999998,1.0
13,Hithadhoo,100,MV,1563674897,78,-0.6,73.08,-158.26999999999998,7.04
14,Praia da Vitoria,20,PT,1563674878,88,38.73,-27.07,-164.29999999999995,11.43
15,Shubarshi,0,KZ,1563675312,45,48.59,57.19,-162.96999999999997,9.14
16,Batagay-Alyta,98,RU,1563674992,43,67.8,130.41,-170.56999999999994,11.68
17,Gizo,20,IL,1563674893,73,31.8,34.94,-161.51999999999998,2.6
18,Lata,11,IN,1563674863,76,30.78,78.62,-176.56999999999994,2.33
19,Mount Gambier,28,AU,1563674895,62,-37.83,140.78,-173.51999999999998,4.1
20,Hobyo,96,SO,1563674877,72,5.35,48.53,-162.66999999999996,9.66
21,Chuy,27,UY,1563674931,85,-33.69,-53.46,-169.96999999999997,5.29
22,Saint-Philippe,1,CA,1563674849,83,45.36,-73.48,-158.51999999999998,1.5
23,Kilindoni,0,TZ,1563675314,76,-7.91,39.67,-161.66999999999996,4.96
24,Ruteng,65,ID,1563675315,47,-8.61,120.46,-157.16999999999996,2.61
25,Fukuma,75,JP,1563675315,94,33.77,130.47,-159.51999999999998,5.1
26,Cherskiy,97,RU,1563674902,43,68.75,161.3,-174.26999999999998,5.09
27,Rikitea,0,PF,1563674852,51,-23.12,-134.97,-166.76999999999998,3.49
28,Atuona,0,PF,1563674859,75,-9.8,-139.03,-159.86999999999995,4.57
29,Cabo San Lucas,40,MX,1563674868,69,22.89,-109.91,-156.51999999999998,5.1
30,Hobart,40,AU,1563674788,51,-42.88,147.33,-171.51999999999998,8.7
31,Faya,0,SA,1563674863,25,18.39,42.45,-164.51999999999998,1.25
32,Cidreira,0,BR,1563674850,84,-30.17,-50.22,-169.86999999999995,5.27
33,Yellowknife,20,CA,1563674872,38,62.45,-114.38,-163.51999999999998,4.6
34,Ushuaia,0,AR,1563675444,69,-54.81,-68.31,-185.51999999999998,2.6
35,Vaini,75,IN,1563674849,100,15.34,74.49,-164.51999999999998,3.1
36,Tulum,75,MX,1563675317,83,20.21,-87.46,-157.62999999999994,2.1
37,Jamestown,0,AU,1563674861,63,-33.21,138.6,-173.66999999999996,5.4
38,Georgetown,40,GY,1563674614,83,6.8,-58.16,-159.51999999999998,2.1
39,Petaluma,1,US,1563675025,72,38.23,-122.64,-162.07999999999998,3.1
40,Quatre Cocos,20,MU,1563674976,93,-20.21,57.76,-165.95999999999998,3.1
41,Cap Malheureux,20,MU,1563675254,93,-19.98,57.61,-165.95999999999998,3.1
42,Mar del Plata,0,AR,1563674571,66,-46.43,-67.52,-185.36999999999995,2.4
43,Sitka,0,US,1563674871,41,37.17,-99.65,-154.29999999999995,4.47
44,Muros,75,ES,1563675319,93,42.77,-9.06,-168.18999999999994,2.6
45,Hermanus,89,ZA,1563674851,81,-34.42,19.24,-178.73999999999995,1.34
46,Lagoa,0,PT,1563674865,34,37.14,-8.45,-159.51999999999998,2.6
47,Port Lincoln,2,AU,1563674928,73,-34.72,135.86,-171.76999999999998,11.73
48,Santa Cruz,90,BR,1563675213,90,-6.22,-36.02,-166.86999999999995,3.01
49,Port Alfred,93,ZA,1563674858,83,-33.59,26.89,-178.73999999999995,3.13
50,Bredasdorp,69,ZA,1563674855,81,-34.53,20.04,-179.84999999999997,3.1
51,Half Moon Bay,5,US,1563674955,64,37.46,-122.43,-165.40999999999997,4.6
52,Hilo,1,US,1563674853,62,19.71,-155.08,-157.07999999999998,5.1
53,Vila Velha,75,BR,1563675323,74,-3.71,-38.6,-160.40999999999997,4.6
54,Lucea,20,JM,1563675323,74,18.44,-78.17,-157.51999999999998,6.7
55,Saint George,20,GR,1563674861,77,39.45,22.34,-162.62999999999994,0.69
56,Klaksvik,100,FO,1563674901,100,62.23,-6.59,-175.51999999999998,1.0
57,Pangnirtung,96,CA,1563674896,82,66.15,-65.72,-177.46999999999997,1.77
58,Punta Arenas,75,CL,1563674851,91,-53.16,-70.91,-185.51999999999998,6.7
59,Chokurdakh,100,RU,1563674870,74,70.62,147.9,-182.96999999999997,6.32
60,Mahon,75,IE,1563675324,93,51.89,-8.4,-171.51999999999998,2.6
61,Lebu,75,ET,1563674858,87,8.96,38.73,-173.51999999999998,0.93
62,Khatanga,24,RU,1563674854,33,71.98,102.47,-161.06999999999994,5.11
63,Puerto Ayora,8,EC,1563674644,94,-0.74,-90.35,-165.40999999999997,0.45
64,Emba,0,CY,1563674974,88,34.81,32.42,-162.51999999999998,3.1
65,Nhulunbuy,0,AU,1563675325,57,-12.18,136.78,-160.51999999999998,7.2
66,Qaanaaq,92,GL,1563674867,84,77.48,-69.36,-182.16999999999996,1.19
67,Katherine,17,AU,1563675325,28,-14.47,132.26,-159.51999999999998,1.5
68,Albany,75,US,1563674578,78,42.65,-73.75,-159.84999999999997,2.6
69,Leningradskiy,90,RU,1563674984,91,69.38,178.42,-183.76999999999998,6.36
70,Isangel,75,VU,1563674927,57,-19.55,169.27,-161.51999999999998,6.2
71,Deputatskiy,31,RU,1563674919,49,69.3,139.9,-175.06999999999994,9.79
72,Nikolskoye,0,RU,1563674853,87,59.7,30.79,-170.95999999999998,3.0
73,Grand Gaube,20,MU,1563674983,93,-20.01,57.66,-165.95999999999998,3.1
74,Arraial do Cabo,11,BR,1563674631,81,-22.97,-42.02,-166.56999999999994,10.69
75,Mahebourg,20,MU,1563674884,93,-20.41,57.7,-165.95999999999998,3.1
76,Nekhayevskiy,0,RU,1563675327,82,50.41,41.76,-173.18999999999994,1.92
77,Halifax,20,CA,1563674746,57,44.65,-63.58,-160.51999999999998,3.6
78,Ushtobe,0,KZ,1563675327,33,45.25,77.98,-159.16999999999996,5.8
79,San-Pedro,100,CI,1563675328,96,4.75,-6.64,-164.66999999999996,1.53
80,Yumen,100,CN,1563674989,51,40.29,97.04,-165.56999999999994,4.83
81,Humaita,0,AR,1563675328,71,-24.93,-65.37,-170.51999999999998,2.6
82,Balgazyn,32,RU,1563675328,52,51.0,95.2,-167.26999999999998,2.64
83,Aalten,40,NL,1563675329,93,51.93,6.58,-169.29999999999995,2.6
84,Victoria,75,BN,1563674912,74,5.28,115.24,-155.51999999999998,1.5
85,Provideniya,100,RU,1563674918,90,64.42,-173.23,-175.46999999999997,4.79
86,Luderitz,0,NA,1563674877,56,-26.65,15.16,-171.26999999999998,1.6
87,Khudumelapye,0,BW,1563675329,53,-23.91,24.95,-181.26999999999998,3.33
88,Bambous Virieux,20,MU,1563674927,93,-20.34,57.76,-165.95999999999998,3.1
89,Mana,51,NG,1563675330,63,13.03,5.27,-160.46999999999997,4.92
90,Torbay,90,CA,1563674815,87,47.66,-52.73,-175.95999999999998,4.6
91,Talnakh,0,RU,1563674890,43,69.49,88.39,-165.51999999999998,5.0
92,Constitucion,90,MX,1563675209,59,23.99,-104.67,-166.51999999999998,3.1
93,New Norfolk,40,AU,1563675456,51,-42.78,147.06,-171.51999999999998,8.7
94,Avarua,93,CK,1563674689,60,-21.21,-159.78,-163.51999999999998,5.1
95,Bandarbeyla,100,SO,1563675025,60,9.49,50.81,-161.06999999999994,13.46
96,Pangody,89,RU,1563674952,67,65.85,74.49,-162.36999999999995,3.52
97,Angoche,0,MZ,1563675332,94,-16.23,39.91,-169.86999999999995,1.25
98,Margate,40,AU,1563675332,51,-43.03,147.26,-171.51999999999998,8.7
99,Nelson Bay,0,AU,1563674865,48,-32.72,152.14,-164.84999999999997,3.1
100,San Patricio,0,PY,1563674907,72,-26.98,-56.83,-165.56999999999994,6.29
101,Jalingo,66,NG,1563675333,88,10.21,12.82,-165.76999999999998,2.39
102,Butaritari,57,KI,1563674870,67,3.07,172.79,-157.66999999999996,2.64
103,Cayenne,0,GF,1563674919,94,4.94,-52.33,-162.51999999999998,1.59
104,Pevek,60,RU,1563674900,85,69.7,170.27,-185.06999999999994,2.99
105,Caravelas,46,BR,1563675322,77,-17.73,-39.27,-164.66999999999996,5.93
106,Husavik,0,CA,1563674907,71,50.56,-96.99,-167.07999999999998,1.34
107,Moose Factory,1,CA,1563675334,81,51.26,-80.61,-175.51999999999998,1.5
108,Carnarvon,95,ZA,1563674935,71,-30.97,22.13,-186.16999999999996,5.87
109,Portland,1,US,1563674892,83,43.66,-70.25,-158.73999999999995,2.6
110,Kahului,75,US,1563674989,78,20.89,-156.47,-159.51999999999998,6.7
111,Yaransk,20,RU,1563675335,91,57.3,47.88,-172.46999999999997,3.32
112,Sao Joao da Barra,9,BR,1563674755,95,-21.64,-41.05,-170.46999999999997,0.92
113,Tuktoyaktuk,75,CA,1563675461,49,69.44,-133.03,-164.51999999999998,11.3
114,Barrow,100,AR,1563675208,88,-38.31,-60.23,-169.86999999999995,6.16
115,Bilibino,84,RU,1563674959,44,68.06,166.44,-177.86999999999995,3.47
116,Ixtapa,90,MX,1563675336,58,20.71,-105.21,-157.51999999999998,1.5
117,Vostok,79,RU,1563674989,86,46.45,135.83,-162.26999999999998,0.16
118,Heishan,34,CN,1563675336,38,41.69,122.12,-151.56999999999994,2.96
119,Pisco,90,PE,1563674881,77,-13.71,-76.2,-169.51999999999998,4.6
120,Paka,72,CF,1563675337,97,4.15,15.03,-167.16999999999996,1.4
121,Ouallam,16,NE,1563675337,58,14.32,2.08,-157.06999999999994,4.43
122,East London,49,ZA,1563674864,81,-33.02,27.91,-180.46999999999997,2.13
123,Pointe-Noire,20,CG,1563675337,100,-4.8,11.85,-166.51999999999998,1.0
124,Coquimbo,100,CL,1563675338,87,-29.95,-71.34,-174.51999999999998,2.1
125,Degtyarsk,40,RU,1563675338,100,56.7,60.09,-168.51999999999998,2.0
126,Grindavik,40,IS,1563674964,93,63.84,-22.43,-172.07999999999998,3.6
127,Holovyne,0,UA,1563675339,92,50.48,28.82,-171.66999999999996,2.22
128,Salalah,75,OM,1563674917,94,17.01,54.1,-160.51999999999998,1.0
129,San Diego de la Union,100,MX,1563675339,75,21.47,-100.87,-169.29999999999995,4.92
130,Bethel,90,US,1563675464,72,60.79,-161.76,-170.51999999999998,5.1
131,Tasiilaq,100,GL,1563674884,93,65.61,-37.64,-182.51999999999998,0.5
132,Kodiak,40,US,1563674890,70,39.95,-94.76,-153.51999999999998,1.5
133,Agadir,0,MA,1563675340,88,30.42,-9.58,-168.51999999999998,1.23
134,Norman Wells,75,CA,1563675465,39,65.28,-126.83,-159.51999999999998,1.5
135,Terrace,75,CA,1563674935,49,54.52,-128.61,-165.51999999999998,2.6
136,Vallenar,100,CL,1563674947,84,-28.58,-70.76,-177.46999999999997,0.52
137,Hofn,100,IS,1563675256,98,64.25,-15.21,-182.26999999999998,2.96
138,Port Hardy,40,CA,1563674997,63,50.7,-127.42,-169.51999999999998,6.7
139,Sidney,20,US,1563674997,46,47.72,-104.16,-162.51999999999998,3.6
140,Grande-Synthe,40,FR,1563675341,87,51.01,2.3,-170.95999999999998,3.6
141,Wahiawa,90,US,1563675342,69,21.5,-158.02,-155.51999999999998,6.7
142,Okahandja,0,NA,1563675342,14,-21.98,16.91,-174.51999999999998,2.6
143,Juegang,68,CN,1563675342,61,32.31,121.18,-151.51999999999998,1.82
144,Dezful,0,IR,1563675342,12,32.38,48.4,-152.76999999999998,3.21
145,Tilichiki,100,RU,1563674949,97,60.47,166.1,-175.76999999999998,1.62
146,Ilulissat,40,GL,1563675468,87,69.22,-51.1,-177.51999999999998,0.5
147,Vestmannaeyjar,70,IS,1563674969,92,63.44,-20.27,-175.56999999999994,1.9
148,Port Macquarie,0,AU,1563675468,37,-31.43,152.91,-163.18999999999994,1.5
149,Ribeira Grande,0,PT,1563674881,82,38.52,-28.7,-164.16999999999996,10.76
150,Cayhagan,92,PH,1563675345,72,9.67,122.43,-157.76999999999998,2.04
151,Tahoua,0,NE,1563675345,74,14.89,5.26,-160.51999999999998,4.05
152,Ponta do Sol,100,BR,1563674888,72,-20.63,-46.0,-173.56999999999994,4.64
153,Ust-Nera,100,RU,1563674939,39,64.57,143.24,-173.86999999999995,3.36
154,Mocuba,2,MZ,1563675346,57,-16.84,36.99,-171.36999999999995,2.07
155,Saskylakh,8,RU,1563675469,39,71.97,114.09,-169.56999999999994,3.76
156,Iqaluit,90,CA,1563675199,93,63.75,-68.52,-181.51999999999998,6.7
157,Upernavik,100,GL,1563674923,95,72.79,-56.15,-179.56999999999994,1.94
158,Buala,59,SB,1563674964,77,-8.15,159.59,-158.76999999999998,4.92
159,San Marcos,75,GT,1563675347,94,14.97,-91.79,-161.51999999999998,2.66
160,Honningsvag,4,NO,1563674897,83,70.98,25.97,-176.16999999999996,1.57
161,Narsaq,100,GL,1563674916,76,60.91,-46.05,-175.51999999999998,2.1
162,Rura,65,ID,1563675347,47,-8.35,120.33,-157.16999999999996,2.61
163,Waipawa,7,NZ,1563675347,62,-39.94,176.59,-172.62999999999994,0.94
164,Severo-Kurilsk,77,RU,1563675471,94,50.68,156.12,-178.66999999999996,5.64
165,Codrington,0,AU,1563674979,59,-28.95,153.24,-165.51999999999998,1.5
166,Port Elizabeth,1,US,1563675281,88,39.31,-74.98,-155.40999999999997,0.86
167,Ambon,75,FR,1563674872,100,47.55,-2.56,-169.29999999999995,1.0
168,Clyde River,90,CA,1563674880,93,70.47,-68.59,-182.51999999999998,5.1
169,La Ciotat,0,FR,1563675349,83,43.17,5.6,-163.73999999999995,1.5
170,Ghanzi,0,BW,1563675349,42,-21.7,21.65,-179.66999999999996,2.58
171,Vao,0,EE,1563674991,78,59.1,26.19,-172.46999999999997,2.19
172,Mokhsogollokh,0,RU,1563675349,33,61.4,128.95,-164.06999999999994,1.16
173,Nyrob,100,RU,1563675261,77,60.74,56.73,-169.36999999999995,0.84
174,Kitui,86,KE,1563675350,93,-1.37,38.02,-171.26999999999998,0.7
175,Zyryanka,30,RU,1563674915,34,65.73,150.89,-168.16999999999996,5.85
176,Comodoro Rivadavia,0,AR,1563675218,69,-45.87,-67.48,-183.51999999999998,1.0
177,Altay,0,CN,1563675251,44,47.83,88.13,-169.46999999999997,2.61
178,Zhukovka,75,RU,1563675350,87,55.51,37.29,-169.29999999999995,4.0
179,Wajima,0,JP,1563675351,78,37.4,136.9,-159.51999999999998,2.1
180,Santa Maria,0,BR,1563675256,63,-16.02,-48.01,-169.51999999999998,2.1
181,Saint-Leu,0,RE,1563674942,56,-21.15,55.28,-165.51999999999998,3.6
182,Sioux Lookout,75,CA,1563675143,72,50.1,-91.92,-168.51999999999998,4.1
183,Baruun-Urt,47,MN,1563674737,40,46.68,113.28,-161.46999999999997,2.65
184,Esperance,90,AU,1563674918,82,-33.86,121.89,-172.51999999999998,8.7
185,Cody,1,US,1563675352,35,44.53,-109.06,-160.51999999999998,6.7
186,Tautira,20,PF,1563675352,61,-17.73,-149.15,-159.51999999999998,6.7
187,La Ronge,5,CA,1563674942,42,55.1,-105.3,-166.51999999999998,3.6
188,Liepaja,50,LV,1563675352,87,56.52,21.02,-171.51999999999998,4.48
189,Lorengau,100,PG,1563674938,80,-2.02,147.27,-158.46999999999997,4.36
190,San Jeronimo,0,PE,1563675353,89,-13.65,-73.37,-179.66999999999996,0.37
191,Rio Gallegos,0,AR,1563674807,55,-51.62,-69.22,-183.51999999999998,8.7
192,Tuatapere,78,NZ,1563674893,98,-46.13,167.69,-175.95999999999998,0.89
193,Fort Nelson,40,CA,1563674828,34,58.81,-122.69,-158.51999999999998,1.32
194,Broome,54,GB,1563674925,93,52.47,1.45,-170.95999999999998,3.1
195,Ballitoville,0,ZA,1563675354,50,-29.54,31.21,-176.51999999999998,5.7
196,Limon,90,US,1563675354,77,39.26,-103.69,-164.29999999999995,4.1
197,Khonsa,100,IN,1563675354,92,26.99,95.51,-161.66999999999996,0.98
198,Yulara,0,AU,1563675095,31,-25.24,130.99,-170.51999999999998,6.2
199,Fallon,1,US,1563674894,29,46.84,-105.12,-162.07999999999998,3.1
200,Buenos Aires,75,AR,1563675063,88,-34.61,-58.44,-167.51999999999998,3.6
201,Sovetskaya Gavan,100,RU,1563675355,66,48.97,140.29,-161.26999999999998,2.75
202,Kaitangata,100,NZ,1563675447,91,-46.28,169.85,-176.51999999999998,3.58
203,Nyurba,0,RU,1563675355,34,63.29,118.35,-164.56999999999994,2.06
204,Souillac,0,FR,1563674978,88,45.6,-0.6,-165.95999999999998,1.5
205,Airai,88,TL,1563675479,45,-8.93,125.41,-158.76999999999998,2.26
206,Saint-Augustin,75,CA,1563675356,83,45.63,-73.98,-159.51999999999998,1.5
207,Sao Filipe,100,CV,1563674916,79,14.9,-24.5,-163.86999999999995,5.67
208,Koutiala,95,ML,1563675356,73,12.39,-5.46,-160.76999999999998,2.89
209,Tecoanapa,90,MX,1563675356,74,16.99,-99.26,-156.51999999999998,4.6
210,Dauphin,40,CA,1563674897,72,51.15,-100.04,-167.51999999999998,2.1
211,Petropavlovsk-Kamchatskiy,75,RU,1563675480,60,53.05,158.65,-164.51999999999998,2.0
212,Nantucket,1,US,1563675283,94,41.28,-70.1,-159.29999999999995,5.1
213,Tadine,0,NC,1563675358,70,-21.55,167.88,-166.16999999999996,9.66
214,Cape Town,0,ZA,1563675481,100,-33.93,18.42,-178.18999999999994,1.0
215,Paamiut,81,GL,1563675358,93,61.99,-49.67,-180.86999999999995,5.54
216,Katsuura,75,JP,1563674952,79,33.93,134.5,-157.51999999999998,8.7
217,Makakilo City,90,US,1563674882,69,21.35,-158.09,-155.51999999999998,6.7
218,Krasnoarmeysk,40,RU,1563675359,100,56.12,38.15,-169.29999999999995,3.0
219,Amahai,73,ID,1563675359,88,-3.31,129.0,-161.26999999999998,6.53
220,Saravan,0,AM,1563675360,60,39.72,45.65,-161.51999999999998,2.19
221,Karasjok,84,NO,1563675360,87,69.47,25.52,-174.51999999999998,3.6
222,Yar-Sale,4,RU,1563675369,56,66.83,70.83,-164.66999999999996,1.03
223,Pozzallo,0,IT,1563675360,73,44.81,9.34,-162.62999999999994,3.1
224,Berlevag,0,NO,1563674950,83,70.86,29.09,-176.46999999999997,1.48
225,Hami,100,CN,1563675361,52,42.84,93.51,-162.66999999999996,5.17
226,Whitianga,2,NZ,1563675361,76,-36.83,175.7,-170.40999999999997,0.89
227,Lompoc,1,US,1563675361,72,34.64,-120.46,-164.29999999999995,5.1
228,Kampot,40,KH,1563675361,78,10.62,104.18,-159.51999999999998,3.1
229,Sorland,92,NO,1563674987,97,67.67,12.69,-175.36999999999995,7.44
230,Nome,20,US,1563674912,78,30.04,-94.42,-156.51999999999998,1.5
231,Kapaa,75,US,1563674884,58,22.08,-159.32,-155.51999999999998,4.1
232,Maniitsoq,0,GL,1563674891,86,65.42,-52.9,-178.96999999999997,3.95
233,Kaseda,75,JP,1563675362,100,31.42,130.32,-162.51999999999998,0.5
234,Axim,100,GH,1563675230,91,4.87,-2.24,-162.26999999999998,4.88
235,Jimenez,20,PA,1563675363,94,8.54,-82.37,-159.51999999999998,1.0
236,Sur,33,OM,1563675363,68,22.57,59.53,-159.76999999999998,3.11
237,Manta,0,RO,1563675363,69,45.1,24.1,-170.66999999999996,0.81
238,Abay,0,KZ,1563675364,68,49.63,72.87,-168.51999999999998,1.0
239,Rome,0,IT,1563674992,72,41.89,12.48,-163.73999999999995,1.5
240,Sosnovo-Ozerskoye,100,RU,1563675364,65,52.53,111.54,-170.16999999999996,3.61
241,Kalmunai,100,LK,1563675292,61,7.42,81.82,-158.26999999999998,3.34
242,Sinnamary,83,GF,1563675365,81,5.38,-52.96,-159.26999999999998,6.69
243,Rubiataba,24,BR,1563675365,52,-15.16,-49.8,-166.76999999999998,3.45
244,Oneonta,100,US,1563675209,91,42.45,-75.06,-159.29999999999995,2.23
245,Tuni,40,BO,1563675366,74,-16.67,-68.14,-183.51999999999998,1.0
246,Auki,61,NG,1563674954,73,12.18,6.51,-163.86999999999995,5.37
247,Belmonte,0,PT,1563675367,89,40.36,-7.35,-164.84999999999997,0.45
248,Ballater,43,GB,1563675367,81,57.05,-3.04,-174.51999999999998,1.5
249,Mbekenyera,0,TZ,1563674930,96,-10.0,38.98,-170.86999999999995,0.9
250,Bako,97,BF,1563675367,62,12.29,-0.73,-160.66999999999996,3.32
251,Tiksi,40,RU,1563675488,68,71.64,128.87,-181.86999999999995,7.67
252,Lavrentiya,100,RU,1563674978,86,65.58,-170.99,-177.56999999999994,3.25
253,Thompson,20,CA,1563674909,37,55.74,-97.86,-166.51999999999998,2.6
254,Saint Pete Beach,1,US,1563675368,94,27.73,-82.74,-160.95999999999998,2.8
255,Saldanha,28,PT,1563674889,68,41.42,-6.55,-168.66999999999996,1.62
256,La Asuncion,0,AR,1563675369,17,-26.05,-65.39,-171.76999999999998,5.05
257,Regeneracao,0,BR,1563675369,61,-6.24,-42.69,-163.96999999999997,2.53
258,Labuhan,4,ID,1563674972,54,-2.54,115.51,-154.56999999999994,1.05
259,Wenatchee,1,US,1563675369,19,47.42,-120.31,-158.51999999999998,7.2
260,Kletskaya,0,RU,1563675370,55,49.31,43.06,-165.06999999999994,0.55
261,Pangai,63,TO,1563675370,88,-19.8,-174.35,-162.46999999999997,8.22
262,Olga,1,US,1563675307,60,34.11,-118.17,-159.51999999999998,1.5
263,Luganville,75,VU,1563675371,73,-15.51,167.18,-161.51999999999998,4.1
264,Itapeva,0,BR,1563675371,87,-23.98,-48.88,-174.26999999999998,1.85
265,Geraldton,75,CA,1563674933,93,49.72,-86.95,-170.51999999999998,2.1
266,Thurso,75,CA,1563675372,94,45.6,-75.25,-159.84999999999997,1.5
267,Avera,1,US,1563674911,74,33.19,-82.53,-155.95999999999998,1.5
268,Umm Kaddadah,100,SD,1563675372,59,13.6,26.69,-161.36999999999995,6.09
269,Nueva Guinea,97,NI,1563675373,93,11.69,-84.46,-162.66999999999996,3.11
270,Kruisfontein,0,ZA,1563674917,82,-34.0,24.73,-181.16999999999996,3.4
271,Khalkoutsion,0,GR,1563675373,52,38.33,23.73,-160.51999999999998,3.1
272,Miles City,1,US,1563675373,31,46.41,-105.84,-162.07999999999998,1.5
273,Leshukonskoye,100,RU,1563675374,94,64.9,45.76,-178.36999999999995,2.72
274,Parnarama,11,BR,1563675374,64,-5.68,-43.09,-163.66999999999996,1.73
275,Kloulklubed,75,PW,1563674927,74,7.04,134.26,-156.51999999999998,2.6
276,Lasa,0,CY,1563674965,88,34.92,32.53,-162.51999999999998,3.1
277,Nanortalik,98,GL,1563674907,97,60.14,-45.24,-182.26999999999998,1.67
278,Yerofey Pavlovich,100,RU,1563675493,97,53.97,121.97,-171.36999999999995,2.58
279,Vavoua,81,CI,1563675375,99,7.38,-6.48,-166.16999999999996,1.39
280,Ilo,9,PE,1563675375,90,-17.65,-71.34,-172.66999999999996,2.66
281,Along,67,IN,1563675277,88,28.17,94.8,-166.16999999999996,2.04
282,Haines Junction,75,CA,1563674968,55,60.75,-137.51,-169.86999999999995,3.97
283,Manali,40,IN,1563675376,67,32.25,77.19,-178.26999999999998,0.51
284,Kavieng,100,PG,1563675495,77,-2.57,150.8,-158.06999999999994,6.21
285,Dera Bugti,0,PK,1563675376,36,29.03,69.15,-152.66999999999996,0.75
286,Mabaruma,89,GY,1563675376,99,8.2,-59.78,-163.56999999999994,0.7
287,Beringovskiy,46,RU,1563675262,63,63.05,179.32,-167.86999999999995,6.44
288,Vaitape,41,PF,1563675377,78,-16.52,-151.75,-161.36999999999995,8.16
289,Yarovoye,0,RU,1563675377,55,52.92,78.56,-163.06999999999994,2.85
290,Kenai,90,US,1563675377,77,60.55,-151.26,-167.07999999999998,5.7
291,Ambulu,93,ID,1563675461,86,-8.35,113.61,-162.96999999999997,4.61
292,Palmer,20,AU,1563675378,71,-34.85,139.16,-170.95999999999998,5.7
293,Ilorin,100,NG,1563675157,91,8.5,4.55,-164.36999999999995,4.12
294,Barra,0,GM,1563674945,78,13.49,-16.54,-160.51999999999998,1.0
295,Kurilsk,0,RU,1563675379,87,45.23,147.88,-172.76999999999998,3.94
296,Okoneshnikovo,0,RU,1563675379,78,54.84,75.08,-164.06999999999994,1.92
297,Konevo,0,BG,1563675379,69,41.67,25.61,-167.07999999999998,1.68
298,Kabare,29,RW,1563675380,94,-1.65,29.38,-174.66999999999996,0.35
299,Houma,81,CN,1563675380,46,35.63,111.36,-154.26999999999998,4.03
300,Kologriv,99,RU,1563675498,96,58.83,44.31,-173.06999999999994,1.62
301,Guilin,40,CN,1563675381,74,25.28,110.29,-156.51999999999998,3.0
302,Matagami,86,NG,1563675381,98,9.67,8.4,-166.96999999999997,1.12
303,Karoi,5,ZW,1563675381,23,-16.82,29.68,-174.56999999999994,2.67
304,Suntar,0,RU,1563675382,37,62.16,117.65,-165.26999999999998,2.9
305,Evensk,100,RU,1563675499,76,61.92,159.24,-174.86999999999995,2.29
306,Teya,75,MX,1563674993,88,21.05,-89.07,-162.51999999999998,4.1
307,Irbit,87,RU,1563675382,93,57.67,63.06,-166.26999999999998,1.4
308,Banda Aceh,100,ID,1563675500,80,5.56,95.32,-158.96999999999997,14.48
309,Marrakesh,0,MA,1563675500,77,31.63,-7.99,-165.51999999999998,1.5
310,Shimoda,75,JP,1563674976,83,34.7,138.93,-159.51999999999998,1.5
311,Bereda,90,ES,1563675213,100,43.27,-7.54,-169.51999999999998,0.5
312,Atasu,0,KZ,1563675384,45,48.68,71.64,-161.96999999999997,2.02
313,Roald,100,NO,1563675087,100,62.58,6.12,-170.95999999999998,1.5
314,Longyearbyen,75,NO,1563675501,86,78.22,15.63,-181.51999999999998,5.7
315,Qaqortoq,100,GL,1563674969,76,60.72,-46.03,-175.51999999999998,2.1
316,Chirongui,0,YT,1563675384,83,-12.93,45.15,-162.51999999999998,6.2
317,Mangit,0,UZ,1563675385,42,40.6,70.96,-159.51999999999998,1.0
318,Muroto,75,JP,1563675385,88,33.37,134.14,-159.51999999999998,5.1
319,Padang,100,ID,1563674943,73,-0.92,100.36,-158.76999999999998,1.6
320,Richards Bay,100,ZA,1563675502,71,-28.77,32.06,-170.26999999999998,15.51
321,Coihaique,0,CL,1563675503,98,-45.58,-72.07,-186.51999999999998,2.6
322,Gweta,0,BW,1563675384,22,-20.21,25.26,-176.06999999999994,4.47
323,Keskin,0,TR,1563674975,73,39.67,33.62,-169.84999999999997,2.86
324,Svetlogorsk,75,RU,1563675386,82,53.14,59.15,-169.51999999999998,6.0
325,Hsinchu,75,TW,1563675386,62,24.8,120.97,-154.51999999999998,5.7
326,Bharatpur,94,IN,1563674981,49,27.22,77.5,-153.26999999999998,3.24
327,Rincon,20,PA,1563675387,94,8.46,-82.28,-159.51999999999998,1.0
328,Gushikawa,75,JP,1563674949,79,26.35,127.87,-154.51999999999998,4.1
329,Boffa,100,GN,1563675387,82,10.18,-14.04,-160.96999999999997,2.89
330,Los Llanos de Aridane,90,ES,1563674906,73,28.66,-17.92,-163.51999999999998,5.1
331,Havre-Saint-Pierre,90,CA,1563675388,100,50.23,-63.6,-174.51999999999998,4.6
332,Potchefstroom,17,ZA,1563675388,70,-26.71,27.1,-190.26999999999998,1.37
333,Skelleftea,7,SE,1563675388,76,64.75,20.95,-173.51999999999998,1.5
334,Sovetskiy,34,RU,1563675388,94,56.76,48.47,-172.26999999999998,3.7
335,Fortuna,1,US,1563675505,77,40.6,-124.16,-170.51999999999998,5.7
336,Asyut,0,EG,1563675389,51,27.18,31.19,-159.51999999999998,4.1
337,Jumla,82,NP,1563675282,77,29.28,82.18,-169.56999999999994,0.93
338,Cananeia,55,BR,1563675389,88,-25.01,-47.93,-170.76999999999998,0.64
339,Boca do Acre,82,BR,1563675390,62,-8.76,-67.39,-162.56999999999994,0.25
340,Dingle,100,PH,1563675506,71,11.0,122.67,-156.46999999999997,2.15
341,Cartagena,0,ES,1563675390,61,37.63,-1.0,-160.95999999999998,3.6
342,Havre,1,US,1563675391,35,48.55,-109.68,-163.51999999999998,2.1
343,Trairi,57,BR,1563675326,95,-3.28,-39.27,-166.06999999999994,2.01
344,Aykhal,0,RU,1563674951,32,65.95,111.51,-166.51999999999998,2.0
345,Karratha,0,AU,1563674917,22,-20.74,116.85,-162.66999999999996,8.93
346,Miedzyrzecz,100,PL,1563675392,97,52.44,15.58,-168.26999999999998,2.56
347,Champerico,90,MX,1563675263,94,16.38,-93.6,-164.51999999999998,2.6
348,Chicama,90,PE,1563674995,88,-7.84,-79.15,-169.51999999999998,3.1
349,Akdepe,0,TM,1563675392,32,42.05,59.39,-157.51999999999998,5.1
350,Sabha,0,LY,1563675393,28,27.03,14.43,-161.16999999999996,5.28
351,Iquitos,40,PE,1563675393,94,-3.75,-73.25,-162.51999999999998,1.5
352,Moussoro,100,TD,1563674976,62,13.64,16.49,-158.56999999999994,2.45
353,Zhigansk,0,RU,1563675509,27,66.77,123.37,-162.26999999999998,5.34
354,Maceio,75,BR,1563675187,83,-9.67,-35.74,-162.51999999999998,3.1
355,Talara,0,PE,1563675003,92,-4.58,-81.27,-168.76999999999998,7.94
356,Miraflores,40,PE,1563675394,20,-16.39,-71.52,-172.51999999999998,2.1
357,Garzon,20,FR,1563675394,93,47.81,-3.64,-169.84999999999997,0.24
358,Mount Isa,18,AU,1563675290,14,-20.73,139.49,-161.51999999999998,4.1
359,Zolotonosha,41,UA,1563675395,76,49.67,32.04,-169.26999999999998,1.79
360,Hasaki,75,JP,1563675510,88,35.73,140.83,-161.51999999999998,2.6
361,Vetlanda,92,SE,1563675395,100,57.43,15.09,-170.40999999999997,2.6
362,Atar,2,MR,1563674989,27,20.52,-13.05,-152.96999999999997,4.41
363,Garowe,100,SO,1563675396,64,8.41,48.48,-162.76999999999998,10.59
364,Ballina,100,IE,1563675396,88,54.11,-9.15,-171.51999999999998,6.55
365,West Bay,20,CA,1563674983,60,49.34,-123.21,-161.51999999999998,3.1
366,Winnemucca,1,US,1563675511,13,40.97,-117.74,-152.51999999999998,4.1
367,Rognan,0,NO,1563675396,72,67.1,15.4,-169.51999999999998,5.7
368,Mesto Albrechtice,0,CZ,1563675397,77,50.16,17.57,-165.95999999999998,2.6
369,Morogoro,1,TZ,1563675397,79,-6.82,37.67,-170.96999999999997,1.13
370,Jiangyan,0,CN,1563675397,60,32.51,120.12,-148.73999999999995,0.74
371,Oparino,100,RU,1563675397,97,59.85,48.28,-171.56999999999994,1.05
372,La Plata,0,AR,1563675356,88,-34.92,-57.95,-167.51999999999998,5.1
373,Crib Point,0,AU,1563675398,67,-38.35,145.2,-170.40999999999997,8.95
374,Alofi,99,NU,1563675276,83,-19.06,-169.92,-159.51999999999998,5.7
375,Guangyuan,97,CN,1563675398,82,32.43,105.86,-160.40999999999997,1.67
376,Faanui,41,PF,1563674924,78,-16.48,-151.75,-161.36999999999995,8.16
377,Mehamn,0,NO,1563674948,70,71.03,27.85,-174.46999999999997,1.06
378,Yanam,40,IN,1563675399,83,16.73,82.22,-157.51999999999998,2.1
379,Asheville,1,US,1563675400,78,35.6,-82.55,-161.51999999999998,1.5
380,Rawson,100,AR,1563674986,84,-43.3,-65.11,-180.16999999999996,7.48
381,Storforshei,100,NO,1563675400,79,66.4,14.52,-173.96999999999997,1.94
382,Baturaja,99,ID,1563675400,65,-4.12,104.17,-158.06999999999994,0.99
383,Wairoa,0,NZ,1563675400,42,-39.04,177.43,-172.76999999999998,0.26
384,Prince Rupert,1,CA,1563675401,77,54.32,-130.32,-170.51999999999998,2.6
385,Saint Charles,1,US,1563675401,74,41.91,-88.31,-160.40999999999997,3.6
386,Kieta,6,PG,1563675220,79,-6.22,155.63,-158.76999999999998,5.99
387,Oppdal,100,NO,1563675165,75,62.6,9.69,-173.26999999999998,2.76
388,San Vicente,75,EC,1563675301,94,-0.59,-80.41,-164.51999999999998,4.1
389,Kamiiso,75,JP,1563675402,82,41.82,140.65,-166.51999999999998,6.2
390,Gunjur,0,GM,1563675402,78,13.18,-16.76,-160.51999999999998,1.0
391,Asmar,0,AF,1563675403,68,35.03,71.36,-165.36999999999995,1.05
392,Changli,23,CN,1563675403,78,30.54,105.42,-156.96999999999997,0.34
393,Djibo,100,BF,1563675403,47,14.1,-1.63,-156.46999999999997,1.47
394,Kawalu,98,ID,1563675404,86,-7.38,108.21,-164.16999999999996,2.48
395,Rocha,67,UY,1563675031,92,-34.48,-54.34,-170.66999999999996,5.53
396,Fort-Shevchenko,0,KZ,1563674932,72,44.51,50.26,-160.36999999999995,4.67
397,Almaznyy,0,RU,1563675404,63,48.03,40.04,-168.51999999999998,2.0
398,Pizarro,99,CO,1563675405,87,4.95,-77.37,-159.06999999999994,5.04
399,Kavaratti,100,IN,1563675446,79,10.57,72.64,-158.56999999999994,11.47
400,Aden,86,YE,1563675405,52,12.79,45.03,-155.96999999999997,7.17
401,Nizhnevartovsk,40,RU,1563675406,63,60.93,76.58,-167.51999999999998,3.0
402,Vagur,51,FO,1563675279,87,61.47,-6.81,-175.46999999999997,4.12
403,Pasni,22,PK,1563675227,69,25.26,63.48,-158.56999999999994,1.72
404,Komsomolskiy,15,RU,1563675024,65,67.55,63.78,-167.56999999999994,3.62
405,Ust-Maya,0,RU,1563675407,36,60.42,134.54,-166.76999999999998,2.68
406,Marzuq,47,YE,1563674999,38,14.4,46.47,-163.46999999999997,0.85
407,Port-Gentil,100,GA,1563675520,82,-0.72,8.78,-162.56999999999994,4.23
408,Slonim,0,BY,1563675407,88,53.09,25.32,-171.46999999999997,1.86
409,Narok,100,KE,1563675407,89,-1.09,35.87,-173.26999999999998,1.88
410,Oistins,40,BB,1563675247,78,13.07,-59.53,-159.51999999999998,6.2
411,Morehead,75,US,1563675408,88,38.18,-83.43,-157.62999999999994,1.5
412,Saint-Pierre,20,FR,1563674933,93,48.95,4.24,-168.51999999999998,3.1
413,Ambilobe,100,MG,1563675006,73,-13.19,49.05,-163.56999999999994,1.11
414,Uchkent,0,RU,1563675408,68,43.11,47.08,-164.51999999999998,3.0
415,Khudat,0,AZ,1563675409,53,41.63,48.68,-162.06999999999994,1.73
416,Nagua,0,DO,1563675307,94,19.37,-69.85,-162.66999999999996,1.62
417,Manbij,0,SY,1563675409,41,36.53,37.96,-161.51999999999998,1.5
418,Orsha,0,BY,1563675410,77,54.51,30.43,-174.16999999999996,1.52
419,Chester,0,GB,1563675276,82,53.19,-2.89,-170.95999999999998,1.5
420,Bougouni,7,ML,1563675249,87,11.42,-7.49,-163.66999999999996,2.7
421,Mandurah,90,AU,1563675403,63,-32.55,115.7,-168.18999999999994,7.2
422,Sambava,57,MG,1563675411,87,-14.27,50.17,-166.76999999999998,0.91
423,Burnie,86,AU,1563675411,54,-41.05,145.91,-173.73999999999995,3.58
424,Northam,90,AU,1563675354,82,-31.65,116.67,-170.51999999999998,4.1
425,Fresno,1,US,1563675393,33,36.74,-119.78,-151.51999999999998,5.7
426,Xiazhen,75,TW,1563675412,74,23.89,120.95,-154.29999999999995,3.1
427,Guerrero Negro,65,MX,1563675524,84,27.97,-114.04,-167.66999999999996,8.43
428,Pho Chai,40,TH,1563675412,74,16.33,103.77,-157.51999999999998,4.6
429,Yakeshi,97,CN,1563675412,84,49.28,120.73,-167.96999999999997,6.37
430,Fairbanks,75,US,1563674837,52,64.84,-147.72,-165.51999999999998,5.7
431,San Ramon,100,NI,1563674999,92,12.92,-85.84,-166.26999999999998,2.64
432,Rosarito,40,CO,1563675413,69,4.91,-75.23,-163.51999999999998,4.1
433,Bilma,35,NE,1563675189,36,18.69,12.92,-154.96999999999997,4.11
434,Chapais,1,CA,1563674959,77,49.78,-74.86,-168.51999999999998,2.6
435,Bosaso,91,SO,1563675414,59,11.28,49.18,-154.76999999999998,8.15
436,Martinez,1,US,1563675217,47,38.01,-122.13,-160.95999999999998,3.6
437,Curaca,17,BR,1563675414,72,-8.99,-39.91,-165.86999999999995,6.27
438,Pemba,0,MZ,1563675267,77,-12.97,40.52,-164.96999999999997,2.75
439,Dalvik,95,SE,1563675415,67,57.79,14.13,-170.40999999999997,4.6
440,Dobroye,0,RU,1563675415,76,52.86,39.81,-172.51999999999998,3.0
441,Merrill,1,US,1563675385,24,42.03,-121.6,-157.07999999999998,5.7
442,Vardo,1,US,1563675527,74,39.62,-77.74,-155.95999999999998,1.5
443,Jeremie,0,HT,1563675416,82,18.65,-74.12,-159.36999999999995,2.65
444,Naze,100,NG,1563675527,95,5.43,7.07,-163.86999999999995,0.48
445,Malmesbury,1,GB,1563675416,100,51.58,-2.1,-172.07999999999998,2.1
446,Camp Verde,1,US,1563675416,12,34.56,-111.85,-153.18999999999994,4.6
447,Malinovskiy,0,RU,1563675417,95,54.15,34.53,-175.26999999999998,2.1
448,Elmira,1,US,1563675396,83,42.09,-76.81,-159.51999999999998,1.5
449,Kaili,0,ID,1563675417,55,-3.46,120.21,-162.66999999999996,1.15
450,Tevaitoa,31,PF,1563675417,76,-16.78,-151.5,-161.66999999999996,7.05
451,Okha,100,RU,1563675418,97,53.59,142.95,-175.26999999999998,7.07
452,San Policarpo,11,PH,1563675529,69,12.18,125.51,-157.16999999999996,2.78
453,Nemuro,75,JP,1563674960,93,43.32,145.57,-168.51999999999998,3.1
454,Sao Joao do Piaui,0,BR,1563675418,56,-8.36,-42.25,-165.26999999999998,3.06
455,Bacolod,87,PH,1563675419,71,10.68,122.95,-157.66999999999996,1.62
456,Tuy Hoa,100,VN,1563674997,56,13.08,109.3,-155.56999999999994,2.81
457,Maningrida,0,AU,1563675249,32,-12.05,134.23,-157.46999999999997,5.43
458,Bathsheba,40,BB,1563674993,78,13.22,-59.52,-159.51999999999998,6.2
459,Florencia,87,CO,1563675419,88,1.62,-75.61,-169.96999999999997,1.41
460,Shenzhen,20,CN,1563675420,74,22.54,114.05,-149.84999999999997,3.6
461,Upington,0,ZA,1563675420,44,-28.46,21.24,-181.51999999999998,1.5
462,Vlore,0,AL,1563675331,73,40.47,19.49,-162.06999999999994,4.86
463,Chapada dos Guimaraes,0,BR,1563675420,47,-15.46,-55.75,-160.51999999999998,2.1
464,Hamilton,90,CA,1563674901,100,43.26,-79.87,-158.18999999999994,4.1
465,Dangriga,58,BZ,1563675421,100,16.97,-88.23,-162.07999999999998,0.56
466,Kisangani,87,CD,1563674932,94,0.52,25.21,-166.86999999999995,0.91
467,Tacuarembo,21,UY,1563675146,89,-31.73,-55.98,-168.76999999999998,5.91
468,Koumac,0,NC,1563675422,70,-20.56,164.28,-165.96999999999997,10.96
469,Soria,62,ES,1563675422,96,41.76,-2.46,-172.06999999999994,1.36
470,Aswan,0,EG,1563675423,25,24.09,32.9,-154.51999999999998,3.6
471,Meulaboh,100,ID,1563675231,72,4.14,96.13,-159.56999999999994,1.52
472,Ugoofaaru,100,MV,1563675423,76,5.67,73.0,-157.96999999999997,8.72
473,Huilong,62,CN,1563675423,73,31.15,106.5,-156.46999999999997,1.72
474,Takoradi,100,GH,1563675533,92,4.89,-1.75,-163.36999999999995,2.14
475,Aklavik,75,CA,1563675363,40,68.22,-135.01,-163.51999999999998,5.7
476,Shelabolikha,90,RU,1563675424,100,53.41,82.62,-171.51999999999998,2.0
477,Acaponeta,100,MX,1563675424,76,22.49,-105.36,-159.56999999999994,1.45
478,La Celia,40,CO,1563675424,69,5.0,-76.0,-163.51999999999998,4.1
479,Matara,90,BI,1563675004,84,-3.48,29.48,-175.06999999999994,1.67
480,Bumba,90,CD,1563675363,96,2.18,22.47,-165.36999999999995,0.92
481,Umba,96,RU,1563675425,70,66.69,34.34,-170.76999999999998,0.34
482,Bang Bo,40,TH,1563675425,70,13.57,100.84,-151.51999999999998,7.7
483,Chapleau,75,CA,1563675425,60,47.85,-83.4,-166.51999999999998,2.6
484,Maxixe,100,MZ,1563675253,76,-23.86,35.35,-171.06999999999994,5.92
485,Moranbah,0,AU,1563675426,44,-22.0,148.04,-164.06999999999994,4.2
486,Huarmey,0,PE,1563674962,88,-10.07,-78.15,-169.76999999999998,4.16
487,Zhanakorgan,71,KZ,1563675426,15,43.91,67.25,-151.66999999999996,2.43
488,Ndola,0,ZM,1563675427,54,-12.97,28.64,-176.96999999999997,1.1
489,Bilokurakyne,0,UA,1563675427,74,49.53,38.74,-167.96999999999997,0.82
490,Paragould,1,US,1563675289,79,36.06,-90.5,-157.07999999999998,2.6
491,Renqiu,40,CN,1563675427,37,38.71,116.1,-151.06999999999994,3.6
492,Ulladulla,0,AU,1563674942,28,-35.36,150.48,-166.51999999999998,11.8
493,Tiarei,20,PF,1563675428,61,-17.53,-149.33,-159.51999999999998,6.7
494,Rolla,1,US,1563675332,70,37.95,-91.77,-155.51999999999998,3.1
495,Loudi,100,CN,1563675428,78,27.73,112.0,-156.46999999999997,1.68
496,Turukhansk,0,RU,1563674967,41,65.8,87.96,-164.46999999999997,2.83
497,Termoli,0,IT,1563675429,53,42.0,14.99,-161.51999999999998,2.17
498,Gamba,0,CN,1563675230,55,28.28,88.52,-177.36999999999995,1.31
499,Dudinka,0,RU,1563674986,43,69.41,86.18,-165.51999999999998,5.0
500,Goderich,100,CA,1563675538,94,43.74,-81.71,-164.29999999999995,2.3
501,Ola,39,RU,1563675430,77,59.58,151.3,-173.96999999999997,3.34
502,Ito,75,JP,1563675430,83,34.93,139.09,-158.73999999999995,1.5
503,Nkan,98,CM,1563675430,99,2.95,11.22,-167.36999999999995,0.83
504,Elmadag,0,TR,1563675430,67,39.92,33.23,-169.29999999999995,2.6
505,Newcastle,0,AU,1563675431,48,-32.93,151.78,-164.84999999999997,3.1
506,Teluknaga,20,ID,1563675432,62,-6.1,106.64,-155.95999999999998,2.6
507,Edson,100,CA,1563674963,49,53.59,-116.44,-165.51999999999998,1.5
508,Namibe,0,AO,1563675540,83,-15.19,12.15,-166.26999999999998,1.38
509,Tommot,29,RU,1563675433,41,58.97,126.27,-168.46999999999997,5.13
510,Nguruka,90,TZ,1563675433,49,-5.11,31.04,-166.36999999999995,0.19
511,Porto Novo,0,BR,1563675351,77,-23.68,-45.44,-171.51999999999998,0.5
512,Chaman,0,AF,1563675434,36,30.92,66.46,-156.46999999999997,4.05
513,Camacha,20,PT,1563675435,83,33.08,-16.33,-164.51999999999998,5.1
514,Denpasar,99,ID,1563675463,75,-8.65,115.22,-161.56999999999994,3.53
515,Biak,82,ID,1563675236,86,-0.91,122.88,-166.26999999999998,2.71
516,Sola,83,TZ,1563674944,59,-3.17,33.8,-168.06999999999994,2.48
517,Sept-Iles,90,CA,1563675333,93,50.2,-66.38,-170.51999999999998,3.1
518,Kuvandyk,0,RU,1563675435,77,51.48,57.35,-166.26999999999998,6.8
519,Poum,0,MK,1563675257,78,41.28,20.71,-173.06999999999994,0.68
520,Bara,12,NG,1563675436,95,10.41,10.6,-165.36999999999995,2.22
521,Arkhangelsk,40,RU,1563675436,76,64.54,40.54,-176.51999999999998,2.0
522,Eyl,100,SO,1563675437,63,7.98,49.82,-162.06999999999994,13.76
